4224763300661860|01|2025|940
4224763300437253|04|2026|733
4224763300717886|08|2026|763
4224763300313348|03|2026|600
4224763300517781|06|2030|971
4224763300521106|05|2030|589
4224763300872616|06|2028|849
4224763300136244|05|2028|751
4224763300466674|03|2027|497
4224763300757106|05|2028|634
4224763300758005|02|2027|858
4224763300164121|05|2030|279
4224763300117616|01|2030|632
4224763300373425|09|2027|859
4224763300178188|03|2026|837
4224763300820417|11|2030|128
4224763300417263|08|2025|681
4224763300505653|09|2028|632
4224763300035123|09|2028|674
4224763300022881|05|2029|390
4224763300545840|07|2027|632
4224763300781866|03|2029|649
4224763300660011|10|2026|497
4224763300474876|08|2029|931
4224763300285108|01|2028|910
4224763300340457|04|2026|745
4224763300563850|02|2025|510
4224763300050528|03|2028|672
4224763300113086|12|2026|505
4224763300817108|11|2030|415
4224763300425746|06|2025|836
4224763300556433|09|2029|195
4224763300263287|07|2030|414
4224763300424343|07|2030|286
4224763300228686|09|2029|291
4224763300670804|07|2027|224
4224763300234544|05|2028|594
4224763300523573|07|2029|601
4224763300551335|06|2027|424
4224763300433617|03|2026|424
4224763300726242|09|2025|361
4224763300101644|02|2030|206
4224763300781833|12|2025|830
4224763300524787|01|2026|690
4224763300825150|06|2029|443
4224763300684714|12|2030|570
4224763300615478|11|2030|534
4224763300827107|07|2030|891
4224763300577314|02|2029|911
4224763300678047|05|2027|869
